0 0.17636363636363636 0.40106382978723404 0.20636363636363636 0.40106382978723404 0.20636363636363636 0.42021276595744683 0.17636363636363636 0.42021276595744683
0 0.2690909090909091 0.7393617021276596 0.28909090909090907 0.7393617021276596 0.28909090909090907 0.75 0.2690909090909091 0.75
0 0.6772727272727272 0.20156648936170213 0.7390909090909091 0.20156648936170213 0.7390909090909091 0.23454521276595744 0.6772727272727272 0.23454521276595744
0 0.5807728717230499 0.3988375406351133 0.6193137773504414 0.3851242643130159 0.6276318555496775 0.4171377785138229 0.589090949922286 0.4308510548359203
0 0.57 0.22340425531914895 0.5918181818181818 0.22340425531914895 0.5918181818181818 0.26382978723404255 0.57 0.26382978723404255
0 0.5433186699657668 0.23563273314918662 0.5863635937275536 0.25212771996061517 0.5793169663978696 0.27730918174443037 0.5362720426360829 0.26081419493300184
0 0.5695989495384312 0.2993310358190858 0.5535012397297702 0.2873212915819417 0.5676737777342962 0.2613072620532546 0.583771487542957 0.27331700629039873
0 0.21790675148396427 0.23468995191825937 0.2378774424549111 0.24928326628205616 0.23181815760694482 0.2606383459540811 0.21184746663599796 0.2460450315902843
0 0.84 0.13404255319148936 0.8727272727272727 0.13404255319148936 0.8727272727272727 0.1946808510638298 0.84 0.1946808510638298
0 0.8236363606446381 0.4574468153282854 0.7899999970082765 0.45744680169299 0.7900000029917256 0.4372340357355444 0.8236363666280871 0.4372340493708398
0 0.9471343999208015 0.36641680002135346 0.9882898936381757 0.4084940048960825 0.9763636000791984 0.4244680935956678 0.9352081063618243 0.38239088872093874
0 0.8618181818181818 0.3223404255319149 0.8972727272727272 0.3223404255319149 0.8972727272727272 0.3404255319148936 0.8618181818181818 0.3404255319148936
0 0.7017730836523522 0.5516825567419188 0.7467433372364913 0.5699566341087748 0.7390909163476478 0.5957446773006344 0.6941206627635087 0.5774705999337784
0 0.4959298209219085 0.5905945798078928 0.5339033039663839 0.5727870209089796 0.5413429063508187 0.5945118031708306 0.5033694233063435 0.6123193620697438
0 0.14404843130892633 0.5608960767138441 0.17090908355666945 0.5882978832037942 0.11958793232743734 0.6571890296691346 0.0927272800796942 0.6297872231791846
0 0.1686361403692879 0.5685683292403296 0.25219840100673435 0.5187012663614481 0.2661725869034394 0.5507678409724363 0.182610326265993 0.6006349038513179
0 0.10181818181818182 0.5021276595744681 0.12636363636363637 0.5021276595744681 0.12636363636363637 0.5563829787234043 0.10181818181818182 0.5563829787234043
0 0.7990909090909091 0.7404255319148936 0.8627272727272727 0.7404255319148936 0.8627272727272727 0.7691489361702127 0.7990909090909091 0.7691489361702127
0 0.440909056872674 0.8648936102434703 0.46109835443913066 0.8809499594744935 0.4297863976727805 0.9348655386927 0.4095971001063239 0.9188091894616767
0 0.7310330235649751 0.9346364723958309 0.7620555421999888 0.9068035451211319 0.7753306127986612 0.9270656552637436 0.7443080941636476 0.9548985825384425
0 0.047819324162959045 0.9841817461397924 0.08150719546348201 0.9517400070276156 0.10272722129158642 0.9819148496048884 0.06903934999106345 1.0143565887170651
0 0.8090909090909091 0.5372340425531915 0.8463636363636363 0.5372340425531915 0.8463636363636363 0.5617021276595745 0.8090909090909091 0.5617021276595745
0 0.4740291506718299 0.7332207312423109 0.5002992172617835 0.741794906151828 0.49687994023726106 0.7561409708853487 0.4706098736473074 0.7475667959758316
