0 0.3390421149804646 0.22236592967112764 0.39928599855335123 0.20868534094135427 0.4043879751096255 0.24001364479695744 0.3441440915367389 0.2536942335267309
0 0.08110403495418338 0.3052210551397071 0.06226680483147105 0.2870485470069152 0.09817524432509589 0.23514596613688868 0.11701247444780824 0.25331847426968057
0 0.08992992895280531 0.8441265226554051 0.0706615295179137 0.8160092632195585 0.1280880890652127 0.7611341156424672 0.14735648850010433 0.7892513750783139
0 0.4306306306306306 0.498375 0.4702702702702703 0.498375 0.4702702702702703 0.5196515957446809 0.4306306306306306 0.5196515957446809
0 0.6855155050037888 0.4948004741708349 0.7283012869925027 0.5022083686001788 0.7252953058070221 0.5264176109355482 0.6825095238183081 0.5190097165062043
0 0.3333899207093197 0.7123373490458864 0.36152975172833324 0.7403379787440646 0.34795962884022985 0.7593543530817732 0.31981979782121633 0.7313537233835951
0 0.6846846776628535 0.7632686358158715 0.5927927857709671 0.7632685982266789 0.5927927998146241 0.7153962578011497 0.6846846917065105 0.7153962953903423
0 0.8351351351351352 0.773906914893617 0.8603603603603603 0.773906914893617 0.8603603603603603 0.8292260638297873 0.8351351351351352 0.8292260638297873
1 0.6945945813311394 0.3079494774824018 0.6486486353851961 0.3079494586878055 0.6486486619121038 0.21752392677291735 0.6945946078580472 0.21752394556751367
1 0.6630630630630631 0.39518351063829793 0.7135135135135136 0.39518351063829793 0.7135135135135136 0.4707154255319149 0.6630630630630631 0.4707154255319149
0 0.15488189225868548 0.512719773128905 0.12274930090249422 0.5179154166608692 0.1207937834169902 0.5010515034668397 0.15292637477318144 0.4958558599348756
