0 0.2522976799113779 0.3627251061130228 0.12894329142329683 0.3344533361542527 0.1401006837249857 0.26778893644016877 0.2634550722130668 0.29606070639893883
0 0.01569636362079438 0.2365000679706514 0.13669740114112616 0.2905746128122253 0.11818181819738743 0.3473112086250933 -0.002819219322944339 0.29323666378351937
0 0.3490909090909091 0.5270984042553192 0.39545454545454545 0.5270984042553192 0.39545454545454545 0.6100771276595744 0.3490909090909091 0.6100771276595744
0 0.365355508401929 0.8889154555480148 0.45295172929523736 0.8441656932209038 0.4699999461435255 0.889864331686028 0.3824037252502171 0.9346140940131389
0 0.5940592791555669 0.677882967331765 0.6441566175370954 0.6311227359742777 0.6650621753898877 0.6617938411788733 0.614964837008359 0.7085540725363606
0 0.6558864492101522 0.6444801257153034 0.7130735500289055 0.6617856831058112 0.7055691871534843 0.6957447679017179 0.6483820863347309 0.6784392105112101
0 0.8728419026350801 0.8361702287966413 0.7937509935441758 0.836170196735271 0.7937510064558289 0.7925531754586779 0.8728419155467332 0.7925532075200481
0 0.9448965298259095 0.841683663321671 0.8797964571289908 0.8496443839458394 0.8771509247195449 0.8200184643379035 0.9422509974164638 0.8120577437137351
0 0.9085087619567448 0.7663791389519212 0.9317305836158614 0.7496426967457128 0.9608114198614368 0.8048974567927597 0.9375895982023204 0.8216338989989681
1 0.8318181433981382 0.5632686339732578 0.7481817797617796 0.56326860006928 0.7481818566018618 0.30369413198418915 0.8318182202382204 0.30369416588816683
