0 0.38170859934277634 0.49774536993438023 0.3475278210583591 0.4734321221301089 0.3801095824754055 0.4107067577251943 0.4142903607598227 0.4350200055294657
0 0.6245454545454545 0.6132686170212766 0.65 0.6132686170212766 0.65 0.673906914893617 0.6245454545454545 0.673906914893617
0 0.5945454545454546 0.42177925531914895 0.6254545454545455 0.42177925531914895 0.6254545454545455 0.48667287234042556 0.5945454545454546 0.48667287234042556
0 0.8504983581468357 0.6304467518683103 0.8781818014442743 0.6366729208413092 0.8677481873077099 0.7002006949402004 0.8400647440102713 0.6939745259672014
0 0.1881818145602553 0.8494388408428782 0.13363636001480403 0.8494388187315884 0.13363636725792652 0.8249707336252069 0.18818182180337778 0.8249707557364967
0 0.37 0.8643324468085106 0.4018181818181818 0.8643324468085106 0.4018181818181818 0.921779255319149 0.37 0.921779255319149
0 0.5945454545454546 0.850502659574468 0.6245454545454545 0.850502659574468 0.6245454545454545 0.9090132978723404 0.5945454545454546 0.9090132978723404
0 0.8319974510841672 0.8378032399524481 0.8652563873404955 0.844465098723717 0.853636367097651 0.9239069728135093 0.8203774308413228 0.9172451140422404
0 0.1336363559208628 0.596247345769092 0.107272719557228 0.5962473350819686 0.10727273498822812 0.5441196755075036 0.1336363713518629 0.544119686194627
0 0.1588028869047096 0.47419780409995366 0.13661823028767894 0.4684209416154995 0.14392438582256312 0.4299990044106847 0.1661090424395938 0.43577586689513886
0 0.4240516022426646 0.6781329701404383 0.4549855848272703 0.6656295820545186 0.4668574886664264 0.7058510724127532 0.43592350608182057 0.7183544604986728
